8.708453865086922541e-01
9.685043203160995789e-03
4.129863329390809357e-01
1.000000000000000078e-15
1.000000000000000078e-15
1.000000000000000078e-15
3.895538145950148690e-01
1.000000000000000078e-15
4.678711798651537523e-01
1.000000000000000078e-15
3.829853831300512601e-01
5.641307757821448776e-01
5.049564490914887349e-01
7.226189322781373381e-02
1.000000000000000078e-15
6.798989915066828704e-01
2.229368355783474809e-01
1.000000000000000078e-15
3.071729899303296540e-01
1.000000000000000078e-15
3.138061415691378864e-01
1.274541089415404338e+00
9.022476117543271057e-01
9.096184191835575694e-01
1.802092734730794954e-01
3.978011019842865870e-01
4.997319826426226408e-01
2.653396298404946396e-01
2.609521827001358429e-02
7.003785554666028812e-01
2.241844072441228908e-01
1.000000000000000078e-15
1.491247965223908567e-01
3.552251207127931493e-02
9.474712887887073443e-01
5.866525224362965085e-01
1.000000000000000078e-15
1.000000000000000078e-15
1.000000000000000078e-15
8.546720756402909069e-01
2.244214446671231322e-01
1.000000000000000078e-15
1.000000000000000078e-15
1.826741739503411621e-01
4.522211284170898349e-01
6.406277058513605294e-01
1.000000000000000078e-15
6.172677006594590177e-01
3.307178499772638336e-01
2.173436806971743296e-01
5.671530152891790522e-01
2.622284055619706900e-01
4.989676731026174150e-01
1.121755051651777135e+00
7.572034266190910134e-01
3.778880350764417945e-02
5.219304604907479828e-01
7.541962468303603506e-01
1.194115837219969934e-03
1.825940184689631152e-02
7.757141022289264498e-01
5.671384100804878203e-01
3.698401032285940082e-01
1.000000000000000078e-15
1.000000000000000078e-15
1.313404391266574045e+00
3.420277958864713641e-01
2.949225569765629995e-01
1.000000000000000078e-15
5.063198036722347251e-01
2.903679074599436749e-01
1.060046806553677001e+00
1.515154439122302077e-01
1.033234615051521699e+00
1.000000000000000078e-15
1.000000000000000078e-15
4.412223428020614069e-01
3.842194533692468994e-01
3.712339819406304531e-01
9.309792383293444828e-01
1.163184345751820670e-01
1.000000000000000078e-15
3.078958512887460808e-01
4.641684101667168383e-01
5.318241934866010379e-01
3.455023494584670840e-01
4.170389211882981062e-01
1.051209721278197062e-01
3.863907097405203106e-02
1.000000000000000078e-15
7.077105480145635674e-01
4.382235148634536226e-02
5.485996141047356778e-01
6.786598608637152141e-01
8.838025150086092907e-01
1.000000000000000078e-15
8.563531835652969937e-01
1.000000000000000078e-15
6.385518335863877848e-01
1.000000000000000078e-15
