2.147097037309354750e+00
1.498189692579120269e+00
2.013507141353510832e+00
1.781652907349385417e+00
1.777995199175955054e+00
2.233582943373190854e+00
1.801190146701428851e+00
2.108845902128634986e+00
1.997908475948703133e+00
1.654700335984137460e+00
2.049211306104528951e+00
1.646224292040112225e+00
2.188021682347830232e+00
1.835331313552897026e+00
2.031903922138371232e+00
2.140232145295887456e+00
1.812220046864765344e+00
1.766394468024335973e+00
2.187157083486154008e+00
2.006875244055236429e+00
2.247263893493770759e+00
2.354122419493046792e+00
2.249129738369491704e+00
2.247374678077011190e+00
1.900271085525903736e+00
2.171122768477528275e+00
2.232079787681189753e+00
2.203203922267332526e+00
2.011688900948035652e+00
2.170785974744842584e+00
1.952525770598912525e+00
1.955971232711051000e+00
2.290000593992147948e+00
1.799764918154915794e+00
2.171317676493484061e+00
2.253709825362951502e+00
1.985815345092775575e+00
1.954474189877966728e+00
1.583946690256115897e+00
2.276465550465941678e+00
1.867811687043749336e+00
1.865786061192073575e+00
2.047972441835656632e+00
1.955755228775550858e+00
2.221129754320463778e+00
2.329016148160540478e+00
2.043040582978522757e+00
1.974254842059300685e+00
2.215021470828103745e+00
1.690347163119175100e+00
2.125322811428226988e+00
1.796855898132308393e+00
2.015651388725804072e+00
2.139203112485356328e+00
1.960910984435266791e+00
2.221661493409046173e+00
2.064354021931475547e+00
1.953200204332175005e+00
2.109872060377187886e+00
1.733591480737494805e+00
2.100879016861857629e+00
2.328174896929386950e+00
1.847940920265374931e+00
1.816603051175917471e+00
1.893112203947975747e+00
2.326373735354677841e+00
2.254028968798288179e+00
1.934296191864494308e+00
1.630073507215467510e+00
2.136194750866087233e+00
1.886803660088508749e+00
2.405526900815116331e+00
2.021555517827993587e+00
2.043010634613875443e+00
1.836299829637281444e+00
1.907268293841387408e+00
1.911678548682689938e+00
2.124792120654776184e+00
2.100711809822870535e+00
2.150590600111428774e+00
1.685146761378789604e+00
1.808789720975612747e+00
2.027080121879566210e+00
1.619470642551604112e+00
1.842003851099253575e+00
1.987529093073722386e+00
2.149442096874413011e+00
2.058446789065383697e+00
1.707508587485605078e+00
1.722234850824208019e+00
1.767666193864681379e+00
1.590191976242765648e+00
2.296109953564249295e+00
2.155142436257263761e+00
2.020906042124722024e+00
1.816020078604969612e+00
2.089822599233656319e+00
1.865756246950585284e+00
1.951541638402003453e+00
1.920040388612849647e+00
